0	F	?	2
0	E0	?	1
0	E1	?	0
0	E2	?	1
0	R0,2	?	0
0	T0,2	?	1
0	W0,2	?	0
0	C0,2	?	0
4	F	2	0
4	X0	?	0
4	Y0	?	0
4	S0	?	0
4	M0	?	0
11	F	0	2
11	X2	?	0
11	Y2	?	0
11	S2	?	0
11	M2	?	0
45	C0,2	0	1
49	S2	0	1
52	R0,2	0	-1
53	Y2	0	-1
53	M2	0	1
55	S2	1	0
56	W0,2	0	1
57	T0,2	1	0
59	R0,2	-1	0
59	T0,2	0	3
61	R0,2	0	1
62	W0,2	1	0
63	Y2	-1	1
63	R0,2	1	0
63	W0,2	0	1
64	R0,2	0	-1
64	T0,2	3	0
68	Y2	1	0
68	M2	1	0
69	R0,2	-1	0
69	W0,2	1	0
70	W0,2	0	1
72	Y2	0	-1
72	M2	0	1
72	R0,2	0	1
72	T0,2	0	3
76	W0,2	1	0
77	Y2	-1	0
77	M2	1	0
77	R0,2	1	0
78	Y2	0	1
78	M2	0	1
78	R0,2	0	-1
81	Y2	1	0
81	M2	1	0
82	R0,2	-1	0
84	Y2	0	-1
84	M2	0	1
84	R0,2	0	1
86	Y2	-1	0
86	M2	1	0
87	R0,2	1	0
89	R0,2	0	-1
90	R0,2	-1	0
