0	F	?	2
0	E0	?	1
0	E1	?	0
0	E2	?	1
0	R0,2	?	0
0	T0,2	?	1
0	W0,2	?	0
0	C0,2	?	0
1	X2	?	0
1	Y2	?	0
1	S2	?	0
1	M2	?	0
8	F	2	0
8	X0	?	0
8	Y0	?	0
8	S0	?	0
8	M0	?	0
12	F	0	2
12	C0,2	0	1
18	C0,2	1	0
20	C0,2	0	1
21	C0,2	1	0
23	F	2	0
23	R0,2	0	1
23	C0,2	0	1
24	R0,2	1	0
57	F	0	2
57	R0,2	0	-1
58	Y2	0	-1
58	M2	0	1
60	W0,2	0	1
61	T0,2	1	0
62	T0,2	0	3
63	R0,2	-1	0
64	R0,2	0	1
66	Y2	-1	0
66	M2	1	0
66	W0,2	1	0
67	Y2	0	1
67	M2	0	1
67	R0,2	1	0
68	R0,2	0	-1
68	W0,2	0	1
69	T0,2	3	0
72	Y2	1	0
72	M2	1	0
73	R0,2	-1	0
73	W0,2	1	0
74	W0,2	0	1
75	Y2	0	-1
75	M2	0	1
75	R0,2	0	1
75	T0,2	0	3
79	W0,2	1	0
81	Y2	-1	0
81	M2	1	0
82	R0,2	1	-1
83	Y2	0	1
83	M2	0	1
83	W0,2	0	1
85	F	2	0
85	R0,2	-1	0
85	W0,2	1	0
87	R0,2	0	1
88	W0,2	0	1
90	W0,2	1	0
92	R0,2	1	0
94	F	0	2
94	Y2	1	0
94	M2	1	0
99	R0,2	0	1
100	R0,2	1	0
