0	F	?	0
0	E0	?	1
0	E1	?	0
0	E2	?	0
1	X0	?	0
1	Y0	?	0
1	S0	?	0
1	M0	?	0
68	E2	0	1
68	R0,2	?	1
68	T0,2	?	0
68	W0,2	?	0
68	C0,2	?	0
69	F	0	2
69	R0,2	1	0
70	X2	?	0
70	Y2	?	0
70	S2	?	0
70	M2	?	0
70	T0,2	0	1
71	X2	0	-1
71	S2	0	1
71	M2	0	1
71	R0,2	0	-1
74	Y2	0	-1
74	S2	1	0
74	C0,2	0	1
76	W0,2	0	1
77	S2	0	-1
78	S2	-1	0
79	W0,2	1	0
80	X2	-1	0
80	Y2	-1	0
80	S2	0	1
80	M2	1	0
81	S2	1	0
81	R0,2	-1	0
81	W0,2	0	1
82	X2	0	1
82	M2	0	1
83	Y2	0	-1
83	T0,2	1	0
85	X2	1	0
91	R0,2	0	-1
93	F	2	0
93	R0,2	-1	0
93	W0,2	1	0
99	F	0	2
99	Y2	-1	0
99	M2	1	0
251	F	2	0
251	T0,2	0	3
252	W0,2	0	1
253	W0,2	1	0
257	W0,2	0	1
258	F	0	2
258	W0,2	1	0
