0	F	?	1
0	E0	?	0
0	E1	?	1
0	E2	?	0
1	X1	?	0
1	Y1	?	0
1	S1	?	0
1	M1	?	0
54	E2	0	1
54	R1,2	?	1
54	T1,2	?	2
54	W1,2	?	1
54	C1,2	?	0
55	F	1	2
55	R1,2	1	0
55	W1,2	1	0
56	X2	?	1
56	Y2	?	0
56	S2	?	0
56	M2	?	1
56	R1,2	0	-1
57	Y2	0	-1
61	W1,2	0	1
61	C1,2	0	1
63	S2	0	-1
64	S2	-1	0
65	F	2	1
65	R1,2	-1	0
65	W1,2	1	0
68	F	1	2
68	X2	1	0
68	Y2	-1	0
68	M2	1	0
71	F	2	1
71	W1,2	0	1
74	W1,2	1	0
118	W1,2	0	1
119	F	1	2
119	W1,2	1	0
198	R1,2	0	-1
198	W1,2	0	1
205	T1,2	2	3
207	R1,2	-1	0
209	T1,2	3	0
210	F	2	1
210	W1,2	1	0
212	F	1	2
212	T1,2	0	3
214	W1,2	0	1
218	W1,2	1	0
219	W1,2	0	1
222	F	2	1
222	W1,2	1	0
227	W1,2	0	1
229	F	1	2
229	W1,2	1	0
231	W1,2	0	1
235	T1,2	3	0
236	W1,2	1	0
241	T1,2	0	3
242	T1,2	3	0
243	T1,2	0	3
244	W1,2	0	1
245	R1,2	0	-1
246	R1,2	-1	0
246	W1,2	1	0
270	F	2	1
270	W1,2	0	1
271	F	1	2
271	W1,2	1	0
275	F	2	1
275	W1,2	0	1
276	W1,2	1	0
297	W1,2	0	1
298	W1,2	1	0
