0	F	?	0
0	E0	?	1
0	E1	?	0
0	E2	?	0
1	X0	?	0
1	Y0	?	0
1	S0	?	0
1	M0	?	0
89	E2	0	1
89	R0,2	?	1
89	T0,2	?	2
89	W0,2	?	0
89	C0,2	?	0
90	F	0	2
90	R0,2	1	0
91	X2	?	1
91	Y2	?	0
91	S2	?	0
91	M2	?	1
91	R0,2	0	-1
95	Y2	0	-1
99	C0,2	0	1
101	W0,2	0	1
104	W0,2	1	0
105	W0,2	0	1
106	W0,2	1	0
107	Y2	-1	0
107	W0,2	0	1
108	X2	1	0
108	M2	1	0
109	W0,2	1	0
110	R0,2	-1	0
210	F	2	0
210	Y0	0	-1
210	M0	0	1
210	W0,2	0	1
211	F	0	2
211	W0,2	1	0
217	F	2	0
217	Y0	-1	0
217	M0	1	0
219	W0,2	0	1
220	W0,2	1	0
222	W0,2	0	1
223	F	0	2
223	W0,2	1	0
232	F	2	0
232	W0,2	0	1
233	F	0	2
233	W0,2	1	0
