0	F	?	0
0	E0	?	1
0	E1	?	1
0	E2	?	1
0	R0,1	?	0
0	T0,1	?	0
0	W0,1	?	0
0	C0,1	?	1
0	R0,2	?	0
0	T0,2	?	0
0	W0,2	?	0
0	C0,2	?	0
1	X0	?	0
1	Y0	?	0
1	S0	?	0
1	M0	?	0
4	F	0	2
4	R1,2	?	0
4	T1,2	?	3
4	W1,2	?	0
4	C1,2	?	1
5	X2	?	0
5	Y2	?	0
5	S2	?	0
5	M2	?	0
12	F	2	1
12	X1	?	0
12	Y1	?	0
12	S1	?	0
12	M1	?	0
23	C0,1	1	0
23	R1,2	0	-1
23	T1,2	3	0
23	W1,2	0	1
24	C0,1	0	1
24	R1,2	-1	0
24	T1,2	0	3
24	W1,2	1	0
57	F	1	2
57	R0,2	0	1
57	R1,2	0	1
58	F	2	1
58	R1,2	1	0
59	T1,2	3	0
60	F	1	2
60	R0,2	1	0
66	R0,2	0	-1
66	R1,2	0	-1
68	X2	0	-1
68	M2	0	1
69	T1,2	0	3
69	W1,2	0	1
70	R1,2	-1	0
70	T1,2	3	0
70	W1,2	1	0
71	C0,2	0	1
71	T1,2	0	2
71	W1,2	0	1
72	R1,2	0	1
73	W1,2	1	0
74	W1,2	0	1
76	W1,2	1	0
78	C1,2	1	0
80	S2	0	-1
82	F	2	1
82	R1,2	1	0
83	F	1	0
83	C0,1	1	0
83	R0,2	-1	0
84	F	0	1
84	C0,1	0	1
86	F	1	2
86	X2	-1	0
86	S2	-1	0
86	M2	1	0
92	R0,2	0	1
94	R0,2	1	0
95	R0,2	0	1
95	W0,2	0	1
96	C1,2	0	1
97	W1,2	0	1
98	W1,2	1	0
99	C1,2	1	0
100	R0,2	1	0
100	W0,2	1	0
102	T0,2	0	3
103	R1,2	0	1
104	R1,2	1	0
106	R0,2	0	1
107	R1,2	0	1
109	Y2	0	-1
109	M2	0	1
109	R1,2	1	0
110	R1,2	0	1
115	Y2	-1	0
115	M2	1	0
116	R1,2	1	0
117	R0,2	1	0
119	T1,2	2	3
121	R1,2	0	-1
121	T1,2	3	2
122	R1,2	-1	0
125	T1,2	2	3
130	T1,2	3	2
137	R0,2	0	-1
139	R0,2	-1	0
140	R0,2	0	-1
141	R0,2	-1	0
159	R1,2	0	1
161	X2	0	-1
161	M2	0	1
163	W0,2	0	1
166	X2	-1	0
166	M2	1	0
166	W0,2	1	0
167	W0,2	0	1
168	W0,2	1	0
174	R1,2	1	0
