0	F	?	0
0	E0	?	1
0	E1	?	0
0	E2	?	1
0	R0,2	?	0
0	T0,2	?	0
0	W0,2	?	0
0	C0,2	?	1
1	X0	?	0
1	Y0	?	0
1	S0	?	0
1	M0	?	0
1	W0,2	0	1
3	F	0	2
3	W0,2	1	0
4	X2	?	0
4	Y2	?	0
4	S2	?	0
4	M2	?	0
4	T0,2	0	3
4	W0,2	0	1
5	T0,2	3	0
5	W0,2	1	0
6	T0,2	0	3
6	W0,2	0	1
8	T0,2	3	0
8	W0,2	1	0
9	W0,2	0	1
10	T0,2	0	3
13	W0,2	1	0
17	F	2	0
17	T0,2	3	0
129	W0,2	0	1
131	F	0	2
131	W0,2	1	0
133	F	2	0
133	W0,2	0	1
134	F	0	2
134	W0,2	1	0
136	T0,2	0	3
136	W0,2	0	1
137	T0,2	3	0
139	F	2	0
139	W0,2	1	0
140	W0,2	0	1
141	F	0	2
141	W0,2	1	0
143	F	2	0
143	W0,2	0	1
145	F	0	2
145	W0,2	1	0
151	F	2	0
151	T0,2	0	1
151	W0,2	0	1
152	F	0	2
152	W0,2	1	0
154	T0,2	1	2
154	W0,2	0	1
155	T0,2	2	1
155	W0,2	1	0
157	W0,2	0	1
158	T0,2	1	2
159	T0,2	2	0
161	W0,2	1	0
171	T0,2	0	1
174	F	2	0
174	T0,2	1	0
174	W0,2	0	1
175	F	0	2
175	T0,2	0	1
175	W0,2	1	0
176	F	2	0
176	T0,2	1	0
177	T0,2	0	1
177	W0,2	0	1
178	F	0	2
178	W0,2	1	0
180	F	2	0
180	T0,2	1	0
181	T0,2	0	1
181	W0,2	0	1
182	F	0	2
182	W0,2	1	0
184	W0,2	0	1
185	F	2	0
185	W0,2	1	0
190	T0,2	1	0
191	T0,2	0	1
191	W0,2	0	1
192	T0,2	1	0
192	W0,2	1	0
193	T0,2	0	1
193	W0,2	0	1
194	F	0	2
194	W0,2	1	0
195	W0,2	0	1
196	W0,2	1	0
199	W0,2	0	1
201	W0,2	1	0
202	F	2	0
202	T0,2	1	0
203	T0,2	0	1
203	W0,2	0	1
204	F	0	2
204	T0,2	1	2
204	W0,2	1	0
205	F	2	0
205	T0,2	2	1
207	F	0	2
207	T0,2	1	2
213	F	2	0
213	T0,2	2	0
216	F	0	2
216	T0,2	0	1
216	W0,2	0	1
217	F	2	0
217	W0,2	1	0
218	W0,2	0	1
219	W0,2	1	0
221	F	0	2
221	W0,2	0	1
222	W0,2	1	0
224	W0,2	0	1
225	W0,2	1	0
227	F	2	0
227	T0,2	1	0
228	T0,2	0	1
228	W0,2	0	1
229	F	0	2
229	W0,2	1	0
231	W0,2	0	1
232	W0,2	1	0
234	W0,2	0	1
235	W0,2	1	0
236	W0,2	0	1
237	W0,2	1	0
239	W0,2	0	1
240	W0,2	1	0
244	W0,2	0	1
246	W0,2	1	0
247	W0,2	0	1
248	W0,2	1	0
250	W0,2	0	1
251	W0,2	1	0
252	W0,2	0	1
253	F	2	0
253	T0,2	1	0
253	W0,2	1	0
254	W0,2	0	1
255	F	0	2
255	T0,2	0	1
255	W0,2	1	0
256	W0,2	0	1
257	W0,2	1	0
258	W0,2	0	1
261	W0,2	1	0
262	W0,2	0	1
263	W0,2	1	0
264	F	2	0
264	T0,2	1	0
265	F	0	2
265	T0,2	0	1
266	W0,2	0	1
267	F	2	0
267	T0,2	1	0
267	W0,2	1	0
268	F	0	2
268	T0,2	0	1
274	F	2	0
274	T0,2	1	0
276	F	0	2
276	T0,2	0	1
276	W0,2	0	1
277	F	2	0
277	T0,2	1	0
277	W0,2	1	0
278	F	0	2
278	T0,2	0	1
281	W0,2	0	1
282	F	2	0
282	T0,2	1	0
282	W0,2	1	0
283	F	0	2
283	T0,2	0	1
284	W0,2	0	1
287	W0,2	1	0
293	W0,2	0	1
294	W0,2	1	0
295	W0,2	0	1
297	F	2	0
297	W0,2	1	0
