0	F	?	1
0	E0	?	1
0	E1	?	1
0	E2	?	1
0	R0,1	?	0
0	T0,1	?	0
0	W0,1	?	0
0	C0,1	?	0
0	R1,2	?	0
0	T1,2	?	2
0	W1,2	?	0
0	C1,2	?	0
1	X1	?	0
1	Y1	?	0
1	S1	?	0
1	M1	?	0
2	F	1	0
2	R0,2	?	0
2	T0,2	?	0
2	W0,2	?	0
2	C0,2	?	1
3	X0	?	0
3	Y0	?	0
3	S0	?	0
3	M0	?	0
10	F	0	2
10	X2	?	0
10	Y2	?	0
10	S2	?	0
10	M2	?	0
46	R1,2	0	-1
47	R0,2	0	1
51	X2	0	1
51	M2	0	1
52	X2	1	0
52	M2	1	0
54	F	2	1
54	R1,2	-1	0
57	R1,2	0	-1
58	F	1	2
58	R0,2	1	0
58	R1,2	-1	0
60	R0,2	0	1
60	C1,2	0	1
67	R0,2	1	0
67	R1,2	0	-1
71	R1,2	-1	0
78	W1,2	0	1
79	F	2	1
79	W1,2	1	0
81	F	1	2
81	W1,2	0	1
84	W1,2	1	0
94	C0,2	1	0
101	R0,2	0	1
101	W1,2	0	1
102	Y2	0	-1
102	M2	0	1
103	Y2	-1	0
103	M2	1	0
103	W1,2	1	0
107	R0,2	1	0
108	T1,2	2	3
108	W1,2	0	1
110	R0,2	0	1
111	Y2	0	-1
111	M2	0	1
113	R1,2	0	1
114	Y2	-1	0
114	M2	1	0
114	W1,2	1	0
117	F	2	1
117	R1,2	1	0
119	F	1	2
119	R0,2	1	0
172	F	2	1
172	R0,1	0	-1
174	R0,1	-1	0
275	R0,1	0	-1
283	R0,1	-1	0
288	R0,1	0	-1
289	R0,1	-1	0
