0	F	?	2
0	E0	?	1
0	E1	?	0
0	E2	?	1
0	R0,2	?	0
0	T0,2	?	0
0	W0,2	?	0
0	C0,2	?	0
1	X2	?	0
1	Y2	?	0
1	S2	?	0
1	M2	?	0
7	F	2	0
7	X0	?	0
7	Y0	?	0
7	S0	?	0
7	M0	?	0
46	Y0	0	-1
46	M0	0	1
48	R0,2	0	1
54	R0,2	1	0
55	R0,2	0	1
55	T0,2	0	1
56	Y0	-1	0
56	M0	1	0
56	R0,2	1	0
59	X0	0	1
59	M0	0	1
60	X0	1	0
60	M0	1	0
60	R0,2	0	-1
61	X0	0	1
61	M0	0	1
62	Y0	0	1
64	T0,2	1	0
66	W0,2	0	1
66	C0,2	0	1
71	C0,2	1	0
72	E2	1	0
72	X2	0	?
72	Y2	0	?
72	S2	0	?
72	M2	0	?
72	R0,2	-1	?
72	T0,2	0	?
72	W0,2	1	?
72	C0,2	0	?
74	Y0	1	0
78	Y0	0	-1
80	E2	0	1
80	R0,2	?	1
80	T0,2	?	1
80	W0,2	?	0
80	C0,2	?	0
81	R0,2	1	0
81	C0,2	0	1
84	R0,2	0	1
85	X0	1	0
85	Y0	-1	0
85	M0	1	0
87	Y0	0	1
87	M0	0	1
87	R0,2	1	0
87	W0,2	0	1
88	R0,2	0	-1
88	T0,2	1	2
89	W0,2	1	0
91	Y0	1	0
91	M0	1	0
91	R0,2	-1	0
92	C0,2	1	0
93	C0,2	0	1
94	C0,2	1	0
96	F	0	2
96	X2	?	0
96	Y2	?	0
96	S2	?	0
96	M2	?	0
96	C0,2	0	1
144	F	2	0
144	C0,2	1	0
152	C0,2	0	1
153	C0,2	1	0
163	C0,2	0	1
164	F	0	2
164	C0,2	1	0
166	F	2	0
166	C0,2	0	1
168	C0,2	1	0
169	C0,2	0	1
170	F	0	2
170	C0,2	1	0
175	F	2	0
175	C0,2	0	1
176	F	0	2
176	C0,2	1	0
183	F	2	0
183	C0,2	0	1
184	F	0	2
184	C0,2	1	0
194	C0,2	0	1
196	C0,2	1	0
198	C0,2	0	1
201	C0,2	1	0
202	C0,2	0	1
207	C0,2	1	0
208	C0,2	0	1
212	F	2	0
212	C0,2	1	0
213	C0,2	0	1
