0	F	?	0
0	E0	?	1
0	E1	?	0
0	E2	?	1
0	R0,2	?	0
0	T0,2	?	0
0	W0,2	?	0
0	C0,2	?	1
2	F	0	2
2	X2	?	0
2	Y2	?	0
2	S2	?	0
2	M2	?	0
70	R0,2	0	1
72	R0,2	1	0
73	R0,2	0	1
75	R0,2	1	0
78	R0,2	0	1
79	R0,2	1	0
80	R0,2	0	1
81	R0,2	1	0
83	R0,2	0	1
87	Y2	0	-1
87	M2	0	1
89	Y2	-1	0
89	M2	1	0
94	R0,2	1	0
96	T0,2	0	3
103	F	2	0
103	X0	?	0
103	Y0	?	0
103	S0	?	0
103	M0	?	0
103	T0,2	3	0
104	F	0	2
104	T0,2	0	3
108	F	2	0
108	T0,2	3	0
109	T0,2	0	3
119	C0,2	1	0
125	T0,2	3	0
151	F	0	2
151	T0,2	0	3
152	F	2	0
152	T0,2	3	0
153	F	0	2
153	T0,2	0	3
156	C0,2	0	1
157	F	2	0
157	T0,2	3	0
158	F	0	2
158	T0,2	0	3
161	T0,2	3	0
162	T0,2	0	3
168	C0,2	1	0
170	F	2	0
170	T0,2	3	0
185	F	0	2
185	C0,2	0	1
194	C0,2	1	0
213	T0,2	0	3
217	F	2	0
217	T0,2	3	0
