0	F	?	2
0	E0	?	1
0	E1	?	1
0	E2	?	1
0	R0,2	?	0
0	T0,2	?	0
0	W0,2	?	0
0	C0,2	?	0
0	R1,2	?	0
0	T1,2	?	2
0	W1,2	?	0
0	C1,2	?	1
1	X2	?	0
1	Y2	?	0
1	S2	?	0
1	M2	?	0
4	F	2	1
4	R0,1	?	0
4	T0,1	?	0
4	W0,1	?	0
4	C0,1	?	0
4	T1,2	2	3
5	X1	?	0
5	Y1	?	0
5	S1	?	0
5	M1	?	0
5	T1,2	3	2
9	T1,2	2	3
10	T1,2	3	2
16	T1,2	2	3
17	F	1	2
17	T1,2	3	2
18	T1,2	2	3
22	T1,2	3	2
23	F	2	1
23	T1,2	2	3
28	F	1	2
28	T1,2	3	2
29	F	2	1
29	T1,2	2	3
38	F	1	0
38	X0	?	0
38	Y0	?	0
38	S0	?	0
38	M0	?	0
42	F	0	1
42	T1,2	3	2
47	F	1	0
47	C0,1	0	1
49	F	0	2
49	C0,2	0	1
50	C0,2	1	0
51	F	2	1
51	C0,1	1	0
52	F	1	2
52	C0,2	0	1
53	C0,2	1	0
54	C0,2	0	1
55	C0,2	1	0
55	T1,2	2	3
56	C0,2	0	1
56	T1,2	3	2
59	F	2	1
59	T1,2	2	3
60	T1,2	3	2
61	T1,2	2	3
66	F	1	2
66	C0,2	1	0
66	T1,2	3	2
74	C0,2	0	1
74	R1,2	0	1
74	W1,2	0	1
76	X2	0	-1
76	M2	0	1
76	R0,2	0	-1
79	W1,2	1	0
83	C1,2	1	0
91	Y2	0	-1
92	X2	-1	0
100	Y2	-1	0
100	M2	1	0
102	W0,2	0	1
103	R0,2	-1	0
103	W0,2	1	0
105	R0,2	0	-1
107	F	2	0
107	R0,2	-1	0
111	F	0	2
111	R1,2	1	0
