0	F	?	2
0	E0	?	1
0	E1	?	1
0	E2	?	1
0	R0,2	?	0
0	T0,2	?	1
0	W0,2	?	0
0	C0,2	?	1
0	R1,2	?	0
0	T1,2	?	0
0	W1,2	?	0
0	C1,2	?	0
1	X2	?	0
1	Y2	?	0
1	S2	?	0
1	M2	?	0
16	F	2	1
16	R0,1	?	0
16	T0,1	?	2
16	W0,1	?	0
16	C0,1	?	0
20	F	1	0
20	X0	?	0
20	Y0	?	0
20	S0	?	0
20	M0	?	0
53	C0,1	0	1
54	C0,1	1	0
55	C0,1	0	1
57	F	0	1
57	X1	?	0
57	Y1	?	0
57	S1	?	0
57	M1	?	0
64	F	1	0
64	C0,1	1	0
65	C0,1	0	1
68	F	0	2
68	C1,2	0	1
69	F	2	1
69	C1,2	1	0
71	F	1	2
71	C1,2	0	1
73	F	2	1
73	C1,2	1	0
75	F	1	2
75	C1,2	0	1
76	T0,2	1	2
78	W0,2	0	1
78	C1,2	1	0
80	W0,2	1	0
81	F	2	0
81	C0,1	1	0
86	F	0	1
86	C0,1	0	1
87	F	1	2
87	T0,2	2	1
88	F	2	0
88	C0,1	1	0
90	F	0	2
90	C1,2	0	1
93	R0,2	0	1
100	F	2	0
100	C0,1	0	1
100	R0,2	1	0
103	F	0	2
103	T0,2	1	2
105	R1,2	0	-1
108	W0,2	0	1
110	X2	0	-1
110	M2	0	1
110	W0,2	1	0
111	R0,2	0	1
114	Y2	0	-1
119	C0,2	1	0
120	C0,2	0	1
121	C0,2	1	0
122	C0,2	0	1
124	C0,2	1	0
125	X2	-1	0
125	Y2	-1	0
125	M2	1	0
125	C0,2	0	1
126	C0,2	1	0
127	C0,2	0	1
127	R1,2	-1	0
128	C0,2	1	0
135	X2	0	-1
135	M2	0	1
135	R1,2	0	-1
136	X2	-1	0
136	M2	1	0
137	X2	0	-1
137	M2	0	1
137	T1,2	0	3
138	X2	-1	0
138	M2	1	0
140	F	2	0
140	C0,1	1	0
140	R0,2	1	0
141	F	0	2
141	R1,2	-1	0
148	F	2	1
148	C0,1	0	1
149	C0,1	1	0
151	F	1	0
151	C0,1	0	1
155	F	0	1
155	C0,1	1	0
159	F	1	0
159	C0,1	0	1
160	C0,1	1	0
181	C0,1	0	1
182	C0,1	1	0
207	F	0	1
207	T1,2	3	0
208	F	1	2
208	T1,2	0	3
212	F	2	0
212	C0,2	0	1
213	F	0	2
213	C0,2	1	0
229	F	2	0
229	C0,2	0	1
230	C0,2	1	0
250	F	0	2
250	C0,2	0	1
251	C0,2	1	0
258	T1,2	3	0
259	T1,2	0	3
