0	F	?	0
0	E0	?	1
0	E1	?	1
0	E2	?	1
0	R0,1	?	0
0	T0,1	?	0
0	W0,1	?	0
0	C0,1	?	0
0	R0,2	?	0
0	T0,2	?	0
0	W0,2	?	0
0	C0,2	?	1
1	X0	?	0
1	Y0	?	0
1	S0	?	0
1	M0	?	0
2	F	0	1
2	R1,2	?	0
2	T1,2	?	2
2	W1,2	?	0
2	C1,2	?	0
3	X1	?	0
3	Y1	?	0
3	S1	?	0
3	M1	?	0
6	F	1	2
6	X2	?	0
6	Y2	?	0
6	S2	?	0
6	M2	?	0
61	F	2	1
61	C0,1	0	1
62	C0,1	1	0
63	C0,1	0	1
64	R0,1	0	-1
65	R1,2	0	-1
66	F	1	2
66	R1,2	-1	0
67	F	2	1
67	R0,1	-1	0
79	C0,1	1	0
79	C1,2	0	1
80	C0,1	0	1
80	C1,2	1	0
82	C0,1	1	0
82	C1,2	0	1
83	F	1	2
83	C1,2	1	0
84	C1,2	0	1
94	F	2	1
94	R1,2	0	-1
96	F	1	2
96	R1,2	-1	0
100	R1,2	0	-1
102	R1,2	-1	0
104	R0,2	0	1
104	R1,2	0	-1
105	R0,2	1	0
106	R0,2	0	1
109	X2	0	1
109	M2	0	1
110	C0,2	1	0
118	T1,2	2	3
121	R1,2	-1	0
122	R1,2	0	-1
123	R1,2	-1	0
126	W1,2	0	1
129	R1,2	0	-1
130	R1,2	-1	0
130	W1,2	1	0
132	W1,2	0	1
134	X2	1	0
134	M2	1	0
134	W1,2	1	0
137	R1,2	0	1
139	R1,2	1	0
140	R1,2	0	1
142	R1,2	1	0
147	R0,2	1	0
